
2021-08-05 15:38:37

+------+------------------+--------+--------+--------+----------+
| 排名 |    国家或地区    | 金牌数 | 银牌数 | 铜牌数 | 总获奖数 |
+------+------------------+--------+--------+--------+----------+
|  1   |   中国           |   33   |   24   |   16   |    73    |
|  2   |   美国           |   27   |   34   |   24   |    85    |
|  3   |   日本           |   21   |   7    |   13   |    41    |
|  4   |  澳大利亚        |   17   |   4    |   18   |    39    |
|  5   | 俄罗斯奥运队     |   15   |   21   |   19   |    55    |
|  6   |   英国           |   15   |   18   |   16   |    49    |
|  7   |   德国           |   9    |   9    |   16   |    34    |
|  8   |  新西兰          |   7    |   4    |   6    |    17    |
|  9   |  意大利          |   6    |   10   |   16   |    32    |
|  10  |   法国           |   6    |   10   |   9    |    25    |
|  11  |   荷兰           |   6    |   8    |   9    |    23    |
|  12  |   韩国           |   6    |   4    |   9    |    19    |
|  13  |  匈牙利          |   5    |   7    |   3    |    15    |
|  14  |   古巴           |   5    |   3    |   4    |    12    |
|  15  |  加拿大          |   4    |   5    |   7    |    16    |
|  16  |   巴西           |   4    |   4    |   8    |    16    |
|  17  |   捷克           |   4    |   3    |   2    |    9     |
|  18  |   瑞士           |   3    |   4    |   5    |    12    |
|  19  |   波兰           |   3    |   3    |   4    |    10    |
|  20  |  克罗地亚        |   3    |   3    |   2    |    8     |
|  21  |  牙买加          |   3    |   1    |   3    |    7     |
|  22  |   瑞典           |   2    |   5    |   0    |    7     |
|  23  |  中国台北        |   2    |   4    |   5    |    11    |
|  24  |  格鲁吉亚        |   2    |   4    |   1    |    7     |
|  25  |   丹麦           |   2    |   2    |   4    |    8     |
|  26  |   挪威           |   2    |   2    |   1    |    5     |
|  27  |   伊朗           |   2    |   1    |   1    |    4     |
|  27  | 斯洛文尼亚       |   2    |   1    |   1    |    4     |
|  29  |  厄瓜多尔        |   2    |   1    |   0    |    3     |
|  30  | 乌兹别克斯坦     |   2    |   0    |   1    |    3     |
|  30  |   希腊           |   2    |   0    |   1    |    3     |
|  32  |  科索沃          |   2    |   0    |   0    |    2     |
|  32  |  卡塔尔          |   2    |   0    |   0    |    2     |
|  34  |  西班牙          |   1    |   4    |   5    |    10    |
|  35  |  罗马尼亚        |   1    |   3    |   0    |    4     |
|  35  |  委内瑞拉        |   1    |   3    |   0    |    4     |
|  37  |  乌克兰          |   1    |   2    |   9    |    12    |
|  38  |  肯尼亚          |   1    |   2    |   2    |    5     |
|  39  |  中国香港        |   1    |   2    |   1    |    4     |
|  40  |   南非           |   1    |   2    |   0    |    3     |
|  40  |  斯洛伐克        |   1    |   2    |   0    |    3     |
|  42  |  塞尔维亚        |   1    |   1    |   4    |    6     |
|  43  | 印度尼西亚       |   1    |   1    |   3    |    5     |
|  43  |  奥地利          |   1    |   1    |   3    |    5     |
|  45  |  葡萄牙          |   1    |   1    |   2    |    4     |
|  46  |  比利时          |   1    |   1    |   1    |    3     |
|  46  |  菲律宾          |   1    |   1    |   1    |    3     |
|  46  | 埃塞俄比亚       |   1    |   1    |   1    |    3     |
|  46  |  乌干达          |   1    |   1    |   1    |    3     |
|  50  |  突尼斯          |   1    |   1    |   0    |    2     |
|  51  |  土耳其          |   1    |   0    |   5    |    6     |
|  52  |  以色列          |   1    |   0    |   2    |    3     |
|  52  |  爱尔兰          |   1    |   0    |   2    |    3     |
|  54  |  爱沙尼亚        |   1    |   0    |   1    |    2     |
|  54  |   泰国           |   1    |   0    |   1    |    2     |
|  54  |   斐济           |   1    |   0    |   1    |    2     |
|  54  |  拉脱维亚        |   1    |   0    |   1    |    2     |
|  54  |  白俄罗斯        |   1    |   0    |   1    |    2     |
|  59  |  百慕大          |   1    |   0    |   0    |    1     |
|  59  |  波多黎各        |   1    |   0    |   0    |    1     |
|  59  |  摩洛哥          |   1    |   0    |   0    |    1     |
|  62  |  哥伦比亚        |   0    |   2    |   1    |    3     |
|  62  |  多米尼加        |   0    |   2    |   1    |    3     |
|  62  |  亚美尼亚        |   0    |   2    |   1    |    3     |
|  62  | 吉尔吉斯斯坦     |   0    |   2    |   1    |    3     |
|  66  |   印度           |   0    |   1    |   3    |    4     |
|  67  |   蒙古           |   0    |   1    |   2    |    3     |
|  68  |  保加利亚        |   0    |   1    |   1    |    2     |
|  68  |  圣马力诺        |   0    |   1    |   1    |    2     |
|  68  |  尼日利亚        |   0    |   1    |   1    |    2     |
|  71  |   约旦           |   0    |   1    |   0    |    1     |
|  71  | 土库曼斯坦       |   0    |   1    |   0    |    1     |
|  71  |  北马其顿        |   0    |   1    |   0    |    1     |
|  71  |  纳米比亚        |   0    |   1    |   0    |    1     |
|  75  | 哈萨克斯坦       |   0    |   0    |   5    |    5     |
|  76  |  墨西哥          |   0    |   0    |   3    |    3     |
|  76  |   埃及           |   0    |   0    |   3    |    3     |
|  76  |  阿塞拜疆        |   0    |   0    |   3    |    3     |
|  79  |   芬兰           |   0    |   0    |   2    |    2     |
|  80  |  科威特          |   0    |   0    |   1    |    1     |
|  80  |  科特迪瓦        |   0    |   0    |   1    |    1     |
|  80  |  阿根廷          |   0    |   0    |   1    |    1     |
|  80  |  马来西亚        |   0    |   0    |   1    |    1     |
|  80  |   加纳           |   0    |   0    |   1    |    1     |
|  80  |  叙利亚          |   0    |   0    |   1    |    1     |
|  80  | 布基纳法索       |   0    |   0    |   1    |    1     |
+------+------------------+--------+--------+--------+----------+

2021-08-08 00:00:57

+------+------------------+--------+--------+--------+----------+
| 排名 |    国家或地区    | 金牌数 | 银牌数 | 铜牌数 | 总获奖数 |
+------+------------------+--------+--------+--------+----------+
|  1   |   中国           |   38   |   31   |   18   |    87    |
|  2   |   美国           |   36   |   39   |   33   |   108    |
|  3   |   日本           |   27   |   12   |   17   |    56    |
|  4   | 俄罗斯奥运队     |   20   |   26   |   23   |    69    |
|  5   |   英国           |   20   |   21   |   22   |    63    |
|  6   |  澳大利亚        |   17   |   7    |   22   |    46    |
|  7   |   德国           |   10   |   11   |   16   |    37    |
|  8   |   荷兰           |   10   |   11   |   12   |    33    |
|  9   |  意大利          |   10   |   10   |   19   |    39    |
|  10  |   法国           |   9    |   12   |   11   |    32    |
|  11  |  新西兰          |   7    |   6    |   7    |    20    |
|  12  |   巴西           |   7    |   4    |   8    |    19    |
|  13  |  匈牙利          |   6    |   7    |   6    |    19    |
|  14  |  加拿大          |   6    |   6    |   11   |    23    |
|  15  |   韩国           |   6    |   4    |   10   |    20    |
|  16  |   古巴           |   6    |   3    |   5    |    14    |
|  17  |   波兰           |   4    |   5    |   5    |    14    |
|  18  |   捷克           |   4    |   4    |   3    |    11    |
|  19  |   挪威           |   4    |   2    |   1    |    7     |
|  20  |  牙买加          |   4    |   1    |   4    |    9     |
|  21  |  西班牙          |   3    |   8    |   6    |    17    |
|  22  |   瑞典           |   3    |   6    |   0    |    9     |
|  23  |   瑞士           |   3    |   4    |   6    |    13    |
|  24  |   丹麦           |   3    |   4    |   4    |    11    |
|  25  |  肯尼亚          |   3    |   4    |   2    |    9     |
|  26  |  克罗地亚        |   3    |   3    |   2    |    8     |
|  27  |   伊朗           |   3    |   2    |   2    |    7     |
|  28  |  比利时          |   3    |   1    |   2    |    6     |
|  29  | 斯洛文尼亚       |   3    |   1    |   1    |    5     |
|  30  |  格鲁吉亚        |   2    |   5    |   1    |    8     |
|  31  |  中国台北        |   2    |   4    |   6    |    12    |
|  32  |  土耳其          |   2    |   2    |   9    |    13    |
|  33  |  塞尔维亚        |   2    |   1    |   4    |    7     |
|  34  |  保加利亚        |   2    |   1    |   2    |    5     |
|  35  |  乌干达          |   2    |   1    |   1    |    4     |
|  36  |  厄瓜多尔        |   2    |   1    |   0    |    3     |
|  37  |  以色列          |   2    |   0    |   2    |    4     |
|  37  | 乌兹别克斯坦     |   2    |   0    |   2    |    4     |
|  39  |   希腊           |   2    |   0    |   1    |    3     |
|  39  |  卡塔尔          |   2    |   0    |   1    |    3     |
|  41  |  科索沃          |   2    |   0    |   0    |    2     |
|  41  |  巴哈马          |   2    |   0    |   0    |    2     |
|  43  |  乌克兰          |   1    |   5    |   12   |    18    |
|  44  |  白俄罗斯        |   1    |   3    |   3    |    7     |
|  45  |  罗马尼亚        |   1    |   3    |   0    |    4     |
|  45  |  委内瑞拉        |   1    |   3    |   0    |    4     |
|  47  |   印度           |   1    |   2    |   4    |    7     |
|  48  |  中国香港        |   1    |   2    |   2    |    5     |
|  49  |  菲律宾          |   1    |   2    |   1    |    4     |
|  49  |  斯洛伐克        |   1    |   2    |   1    |    4     |
|  51  |   南非           |   1    |   2    |   0    |    3     |
|  52  |  奥地利          |   1    |   1    |   5    |    7     |
|  53  |   埃及           |   1    |   1    |   4    |    6     |
|  54  | 印度尼西亚       |   1    |   1    |   3    |    5     |
|  55  |  葡萄牙          |   1    |   1    |   2    |    4     |
|  55  | 埃塞俄比亚       |   1    |   1    |   2    |    4     |
|  57  |  突尼斯          |   1    |   1    |   0    |    2     |
|  58  |  爱尔兰          |   1    |   0    |   2    |    3     |
|  59  |  爱沙尼亚        |   1    |   0    |   1    |    2     |
|  59  |   泰国           |   1    |   0    |   1    |    2     |
|  59  |   斐济           |   1    |   0    |   1    |    2     |
|  59  |  拉脱维亚        |   1    |   0    |   1    |    2     |
|  63  |  百慕大          |   1    |   0    |   0    |    1     |
|  63  |  波多黎各        |   1    |   0    |   0    |    1     |
|  63  |  摩洛哥          |   1    |   0    |   0    |    1     |
|  66  |  哥伦比亚        |   0    |   4    |   1    |    5     |
|  67  |  阿塞拜疆        |   0    |   3    |   4    |    7     |
|  68  |  多米尼加        |   0    |   3    |   2    |    5     |
|  69  |  亚美尼亚        |   0    |   2    |   2    |    4     |
|  70  | 吉尔吉斯斯坦     |   0    |   2    |   1    |    3     |
|  71  |   蒙古           |   0    |   1    |   3    |    4     |
|  72  |  阿根廷          |   0    |   1    |   2    |    3     |
|  72  |  圣马力诺        |   0    |   1    |   2    |    3     |
|  74  |   约旦           |   0    |   1    |   1    |    2     |
|  74  |  尼日利亚        |   0    |   1    |   1    |    2     |
|  76  | 土库曼斯坦       |   0    |   1    |   0    |    1     |
|  76  |  北马其顿        |   0    |   1    |   0    |    1     |
|  76  |  纳米比亚        |   0    |   1    |   0    |    1     |
|  76  |  立陶宛          |   0    |   1    |   0    |    1     |
|  76  |   巴林           |   0    |   1    |   0    |    1     |
|  76  | 沙特阿拉伯       |   0    |   1    |   0    |    1     |
|  82  | 哈萨克斯坦       |   0    |   0    |   8    |    8     |
|  83  |  墨西哥          |   0    |   0    |   4    |    4     |
|  84  |   芬兰           |   0    |   0    |   2    |    2     |
|  85  |  科威特          |   0    |   0    |   1    |    1     |
|  85  |  科特迪瓦        |   0    |   0    |   1    |    1     |
|  85  |  马来西亚        |   0    |   0    |   1    |    1     |
|  85  |   加纳           |   0    |   0    |   1    |    1     |
|  85  |  叙利亚          |   0    |   0    |   1    |    1     |
|  85  | 布基纳法索       |   0    |   0    |   1    |    1     |
|  85  |  格林纳达        |   0    |   0    |   1    |    1     |
|  85  |  摩尔多瓦        |   0    |   0    |   1    |    1     |
|  85  |  博茨瓦纳        |   0    |   0    |   1    |    1     |
+------+------------------+--------+--------+--------+----------+

2021-08-08 13:49:17

+------+------------------+--------+--------+--------+----------+
| 排名 |    国家或地区    | 金牌数 | 银牌数 | 铜牌数 | 总获奖数 |
+------+------------------+--------+--------+--------+----------+
|  1   |   美国           |   38   |   40   |   33   |   111    |
|  2   |   中国           |   38   |   31   |   18   |    87    |
|  3   |   日本           |   27   |   14   |   17   |    58    |
|  4   |   英国           |   21   |   21   |   22   |    64    |
|  5   | 俄罗斯奥运队     |   20   |   27   |   23   |    70    |
|  6   |  澳大利亚        |   17   |   7    |   22   |    46    |
|  7   |   荷兰           |   10   |   12   |   14   |    36    |
|  8   |   德国           |   10   |   11   |   16   |    37    |
|  9   |  意大利          |   10   |   10   |   20   |    40    |
|  10  |   法国           |   9    |   12   |   11   |    32    |
|  11  |  加拿大          |   7    |   6    |   11   |    24    |
|  12  |  新西兰          |   7    |   6    |   7    |    20    |
|  13  |   巴西           |   7    |   5    |   8    |    20    |
|  14  |   古巴           |   7    |   3    |   5    |    15    |
|  15  |  匈牙利          |   6    |   7    |   7    |    20    |
|  16  |   韩国           |   6    |   4    |   10   |    20    |
|  17  |   波兰           |   4    |   5    |   5    |    14    |
|  18  |   捷克           |   4    |   4    |   3    |    11    |
|  19  |  肯尼亚          |   4    |   4    |   2    |    10    |
|  20  |   挪威           |   4    |   2    |   2    |    8     |
|  21  |  牙买加          |   4    |   1    |   4    |    9     |
|  22  |  西班牙          |   3    |   8    |   6    |    17    |
|  23  |   瑞典           |   3    |   6    |   0    |    9     |
|  24  |   瑞士           |   3    |   4    |   6    |    13    |
|  25  |   丹麦           |   3    |   4    |   4    |    11    |
|  26  |  克罗地亚        |   3    |   3    |   2    |    8     |
|  27  |   伊朗           |   3    |   2    |   2    |    7     |
|  28  |  比利时          |   3    |   1    |   3    |    7     |
|  29  |  保加利亚        |   3    |   1    |   2    |    6     |
|  30  | 斯洛文尼亚       |   3    |   1    |   1    |    5     |
|  31  |  格鲁吉亚        |   2    |   5    |   1    |    8     |
|  32  |  中国台北        |   2    |   4    |   6    |    12    |
|  33  |  土耳其          |   2    |   2    |   9    |    13    |
|  34  |  塞尔维亚        |   2    |   1    |   5    |    8     |
|  35  |  乌干达          |   2    |   1    |   1    |    4     |
|  36  |  厄瓜多尔        |   2    |   1    |   0    |    3     |
|  37  |  以色列          |   2    |   0    |   2    |    4     |
|  37  | 乌兹别克斯坦     |   2    |   0    |   2    |    4     |
|  37  |  爱尔兰          |   2    |   0    |   2    |    4     |
|  40  |   希腊           |   2    |   0    |   1    |    3     |
|  40  |  卡塔尔          |   2    |   0    |   1    |    3     |
|  42  |  科索沃          |   2    |   0    |   0    |    2     |
|  42  |  巴哈马          |   2    |   0    |   0    |    2     |
|  44  |  乌克兰          |   1    |   6    |   12   |    19    |
|  45  |  白俄罗斯        |   1    |   3    |   3    |    7     |
|  46  |  罗马尼亚        |   1    |   3    |   0    |    4     |
|  46  |  委内瑞拉        |   1    |   3    |   0    |    4     |
|  48  |   印度           |   1    |   2    |   4    |    7     |
|  49  |  中国香港        |   1    |   2    |   3    |    6     |
|  50  |  菲律宾          |   1    |   2    |   1    |    4     |
|  50  |  斯洛伐克        |   1    |   2    |   1    |    4     |
|  52  |   南非           |   1    |   2    |   0    |    3     |
|  53  |  奥地利          |   1    |   1    |   5    |    7     |
|  54  |   埃及           |   1    |   1    |   4    |    6     |
|  55  | 印度尼西亚       |   1    |   1    |   3    |    5     |
|  56  |  葡萄牙          |   1    |   1    |   2    |    4     |
|  56  | 埃塞俄比亚       |   1    |   1    |   2    |    4     |
|  58  |  突尼斯          |   1    |   1    |   0    |    2     |
|  59  |  爱沙尼亚        |   1    |   0    |   1    |    2     |
|  59  |   泰国           |   1    |   0    |   1    |    2     |
|  59  |   斐济           |   1    |   0    |   1    |    2     |
|  59  |  拉脱维亚        |   1    |   0    |   1    |    2     |
|  63  |  百慕大          |   1    |   0    |   0    |    1     |
|  63  |  波多黎各        |   1    |   0    |   0    |    1     |
|  63  |  摩洛哥          |   1    |   0    |   0    |    1     |
|  66  |  哥伦比亚        |   0    |   4    |   1    |    5     |
|  67  |  阿塞拜疆        |   0    |   3    |   4    |    7     |
|  68  |  多米尼加        |   0    |   3    |   2    |    5     |
|  69  |  亚美尼亚        |   0    |   2    |   2    |    4     |
|  70  | 吉尔吉斯斯坦     |   0    |   2    |   1    |    3     |
|  71  |   蒙古           |   0    |   1    |   3    |    4     |
|  72  |  阿根廷          |   0    |   1    |   2    |    3     |
|  72  |  圣马力诺        |   0    |   1    |   2    |    3     |
|  74  |   约旦           |   0    |   1    |   1    |    2     |
|  74  |  马来西亚        |   0    |   1    |   1    |    2     |
|  74  |  尼日利亚        |   0    |   1    |   1    |    2     |
|  77  | 土库曼斯坦       |   0    |   1    |   0    |    1     |
|  77  |  北马其顿        |   0    |   1    |   0    |    1     |
|  77  |  纳米比亚        |   0    |   1    |   0    |    1     |
|  77  |  立陶宛          |   0    |   1    |   0    |    1     |
|  77  |   巴林           |   0    |   1    |   0    |    1     |
|  77  | 沙特阿拉伯       |   0    |   1    |   0    |    1     |
|  83  | 哈萨克斯坦       |   0    |   0    |   8    |    8     |
|  84  |  墨西哥          |   0    |   0    |   4    |    4     |
|  85  |   芬兰           |   0    |   0    |   2    |    2     |
|  86  |  科威特          |   0    |   0    |   1    |    1     |
|  86  |  科特迪瓦        |   0    |   0    |   1    |    1     |
|  86  |   加纳           |   0    |   0    |   1    |    1     |
|  86  |  叙利亚          |   0    |   0    |   1    |    1     |
|  86  | 布基纳法索       |   0    |   0    |   1    |    1     |
|  86  |  格林纳达        |   0    |   0    |   1    |    1     |
|  86  |  摩尔多瓦        |   0    |   0    |   1    |    1     |
|  86  |  博茨瓦纳        |   0    |   0    |   1    |    1     |
+------+------------------+--------+--------+--------+----------+
